4.5293e-19
2.2033e-19
-5.4207e-20
-3.4751e-19
-6.2325e-19
-8.548e-19
-9.9437e-19
-1.0404e-18
-9.7859e-19
-8.2741e-19
-6.0501e-19
-1.3668e-19
9.3197e-20
2.671e-19
2.7632e-19
1.502e-19
-1.2113e-19
-5.2281e-19
-1.0061e-18
-1.5134e-18
-2.0373e-18
-2.3882e-18
-2.6052e-18
-2.0023e-18
-1.2837e-18
1.9834e-19
1.888e-18
4.1824e-18
6.6137e-18
9.8885e-18
1.3438e-17
1.7363e-17
2.1468e-17
2.5764e-17
3.0134e-17
3.4252e-17
3.7949e-17
4.1154e-17
4.4005e-17
4.6652e-17
4.9201e-17
5.1706e-17
5.4176e-17
5.6709e-17
5.9302e-17
6.1606e-17
6.3473e-17
6.4807e-17
6.5373e-17
6.5161e-17
6.4553e-17
6.3705e-17
6.2743e-17
6.1801e-17
6.0997e-17
6.0424e-17
6.0137e-17
6.0145e-17
6.041e-17
6.0863e-17
6.1415e-17
6.197e-17
6.2438e-17
6.2746e-17
6.2853e-17
6.2749e-17
6.2461e-17
6.2047e-17
6.1582e-17
6.1147e-17
6.0813e-17
6.0625e-17
6.0606e-17
6.0741e-17
6.0994e-17
6.1312e-17
6.1636e-17
6.1912e-17
6.2111e-17
6.2224e-17
6.2264e-17
6.2248e-17
6.22e-17
6.2142e-17
6.2089e-17
6.2055e-17
6.2043e-17
6.2053e-17
6.2077e-17
6.2113e-17
6.2153e-17
6.2526e-17
6.2926e-17
6.3356e-17
6.383e-17
6.4338e-17
6.4437e-17
6.4525e-17
6.46e-17
6.4636e-17
6.4667e-17
6.4796e-17
6.4942e-17
6.5138e-17
6.5319e-17
