0.028571
0.057143
0.085714
0.11429
0.14286
0.17143
0.2
0.22857
0.25714
0.28571
0.31429
0.34286
0.37143
0.4
0.42857
0.45714
0.48571
0.51429
0.54286
0.57143
0.6
0.62857
0.65714
0.68571
0.71429
0.74286
0.77143
0.8
0.82857
0.85714
0.88571
0.91429
0.94286
0.97143
1
1.0286
1.0571
1.0857
1.1143
1.1429
1.1714
1.2
1.2286
1.2571
1.2857
1.3143
1.3429
1.3714
1.4
1.4286
1.4571
1.4857
1.5143
1.5429
1.5714
1.6
1.6286
1.6571
1.6857
1.7143
1.7429
1.7714
1.8
1.8286
1.8571
1.8857
1.9143
1.9429
1.9714
2
2.0286
2.0571
2.0857
2.1143
2.1429
2.1714
2.2
2.2286
2.2571
2.2857
2.3143
2.3429
2.3714
2.4
2.4286
2.4571
2.4857
2.5143
2.5429
2.5714
2.6
2.6286
2.6571
2.6857
2.7143
2.7429
2.7714
2.8
2.8286
2.8571
2.8857
2.9143
2.9429
2.9714
3
