0.64008 3.34 9.89
0.77009 3.01 8.59
0.89005 2.8 7.65
1.0196 2.66 6.9
1.1396 2.52 6.33
1.26 2.34 5.89
1.39 2.23 5.5
1.5102 2.06 5.19
1.64 1.95 4.89
1.7611 1.86 4.65
1.8814 1.8 4.42
2.0095 1.75 4.21
2.1303 1.68 4.02
2.2584 1.64 3.84
2.3797 1.57 3.68
2.4997 1.52 3.54
2.6324 1.46 3.39
2.7491 1.41 3.26
2.8767 1.37 3.14
3.002 1.33 3.03
3.123 1.3 2.93
3.2542 1.26 2.83
3.3691 1.24 2.74
3.5024 1.23 2.65
3.6253 1.22 2.57
3.7345 1.2 2.5
3.8745 1.21 2.42
3.9866 1.21 2.35
4.1191 1.2 2.29
4.246 1.18 2.23
4.3656 1.18 2.18
4.4922 1.19 2.13
4.6091 1.16 2.1
4.7322 1.13 2.07
4.8621 1.11 2.03
4.9793 1.08 1.99
5.1022 1.04 1.95
5.2314 1 1.91
5.3673 0.97 1.86
5.486 0.94 1.81
5.6101 0.92 1.76
5.74 0.91 1.7
5.8483 0.89 1.65
5.9896 0.87 1.6
6.1076 0.86 1.55
6.2304 0.85 1.5
6.3582 0.85 1.46
6.4575 0.85 1.42
6.5949 0.84 1.38
