0.5 3.3448 12.119
0.6 2.4708 10.279
0.7 1.9064 8.8594
0.8 1.5264 7.731
0.9 1.2629 6.8106
1 1.0772 6.0424
1.1 0.94673 5.3882
1.2 0.8579 4.8215
1.3 0.80296 4.3236
1.4 0.77771 3.8821
1.5 0.77963 3.4904
1.6 0.80518 3.1467
1.7 0.84628 2.8519
1.8 0.88891 2.6028
1.9 0.91946 2.3862
2 0.93562 2.1815
2.1 0.94839 1.9729
2.2 0.97379 1.7561
2.3 1.0254 1.5369
2.4 1.1112 1.3272
2.5 1.2304 1.1427
2.6 1.3722 0.99576
2.7 1.5214 0.88889
2.8 1.6668 0.81673
2.9 1.8028 0.77169
3 1.9281 0.74742
3.1 2.043 0.73946
3.2 2.1485 0.74489
3.3 2.2453 0.76196
3.4 2.3344 0.78968
3.5 2.4161 0.82763
3.6 2.4906 0.87573
3.7 2.5574 0.93415
3.8 2.6157 1.0031
3.9 2.6643 1.0829
4 2.7011 1.1733
4.1 2.7237 1.2738
4.2 2.7294 1.383
4.3 2.7152 1.4984
4.4 2.6786 1.6161
4.5 2.6181 1.7311
4.6 2.5338 1.8375
4.7 2.4279 1.9295
4.8 2.3048 2.0019
4.9 2.1701 2.0517
5 2.0301 2.0776
