0.64008 0.24 14.08
0.77009 0.15 11.85
0.89005 0.13 10.1
1.0196 0.09 8.828
1.1396 0.04 7.795
1.26 0.04 6.992
1.39 0.04 6.312
1.51 0.04 5.727
1.64 0.03 5.242
1.7599 0.04 4.838
1.88 0.05 4.483
2.0101 0.06 4.152
2.1299 0.05 3.858
2.26 0.06 3.586
2.3802 0.05 3.324
2.5002 0.05 3.093
2.6301 0.05 2.869
2.7497 0.04 2.657
2.88 0.04 2.462
2.9999 0.05 2.275
3.1199 0.05 2.07
3.2499 0.05 1.864
3.3701 0.07 1.657
3.5004 0.1 1.419
3.62 0.14 1.142
3.7401 0.17 0.829
3.8697 0.81 0.392
3.9905 1.13 0.616
4.1204 1.34 0.964
4.2402 1.39 1.161
4.3595 1.41 1.264
4.4906 1.41 1.331
4.6108 1.38 1.372
4.7395 1.35 1.387
4.8602 1.33 1.393
4.9793 1.31 1.389
5.1106 1.3 1.378
5.2292 1.28 1.367
5.3603 1.28 1.357
5.4812 1.26 1.344
5.6 1.25 1.342
5.7294 1.22 1.336
5.8511 1.2 1.325
5.9809 1.18 1.312
6.0986 1.15 1.296
6.221 1.14 1.277
6.3484 1.12 1.255
6.471 1.1 1.232
6.5984 1.07 1.212
