0.0061992 423.96 483.7
0.007 397.93 458.5
0.0080588 364.04 429.62
0.009 339.62 408.92
0.0099187 318.81 391.71
0.012399 274.38 354.35
0.015498 233.56 321.08
0.018598 202.63 295.42
0.021697 177.93 275.34
0.024797 157.3 258.26
0.027897 140.05 243.43
0.030996 125.14 230.19
0.037196 102.1 208.1
0.04 91.955 199.99
0.045 75.748 181.78
0.05 68.535 164.81
0.054999 63.554 153.45
0.06 58.58 144.23
0.064998 54.413 136.09
0.07 50.951 129.49
0.08 43.775 118.39
0.09 38.461 108.96
0.099995 33.519 101.28
0.12 26.216 88.197
0.14 20.837 78.274
0.16 16.755 69.857
0.18 14.088 62.841
0.2 12.195 57.156
0.22 10.742 52.518
0.24 9.558 48.593
0.26 8.5881 45.257
0.28 7.7757 42.367
0.3 7.0796 39.826
0.32 6.4808 37.595
0.34 5.9564 35.608
0.36 5.4903 33.814
0.37999 5.0735 32.183
0.4 4.7097 30.737
0.45 3.938 27.58
0.5 3.3372 25.004
0.6 2.4738 20.982
0.7 1.9205 17.991
0.8 1.5782 15.656
0.9 1.3899 13.784
0.99995 1.3157 12.245
1.1 1.3281 10.969
1.2 1.3998 9.8914
1.24 1.4359 9.4939
1.28 1.4867 9.0655
1.32 1.6784 8.597
1.36 1.9739 8.3058
1.4 2.2802 8.1134
1.48 2.6945 8.1878
1.52 2.7668 8.2573
1.56 2.7675 8.3866
1.6 2.6154 8.4914
1.7 2.1606 8.3565
1.8 1.8301 8.0601
1.9009 1.5724 7.7354
2 1.366 7.4052
2.2 1.0728 6.7839
2.4 0.8734 6.2418
2.6 0.7278 5.7781
2.8 0.6079 5.3676
3 0.52135 5.0008
3.4 0.39877 4.3957
3.7999 0.31474 3.9165
4 0.28003 3.7081
5 0.18137 2.9029
6 0.12677 2.3563
7 0.094236 1.9519
8 0.072505 1.6366
9 0.057167 1.3775
9.9995 0.046304 1.1555
11 0.038468 0.95677
12 0.035753 0.77163
13 0.036437 0.59086
14 0.044168 0.39115
14.4 0.054863 0.29293
14.6 0.067041 0.2342
14.8 0.094517 0.16589
15 0.15065 0.11041
15.1 0.17943 0.094223
15.2 0.20569 0.079959
15.3 0.23344 0.068348
15.4 0.25936 0.061407
15.5 0.28271 0.056697
15.6 0.30373 0.053349
15.8 0.34031 0.04832
16 0.37197 0.044202
17 0.49131 0.032409
18 0.57251 0.027681
19 0.63242 0.02477
20 0.67912 0.02234
25 0.81512 0.015894
30 0.88013 0.011651
35 0.91802 0.0093121
40 0.94189 0.0078466
45 0.95834 0.0066191
50 0.97048 0.0057469
54.999 0.97998 0.0050004
60 0.98827 0.0043696
61.998 0.99143 0.0042397
63.998 0.99457 0.0041092
65.998 0.99791 0.0038926
68 1.0019 0.003673
70 1.007 0.0035425
70.998 1.0108 0.0034957
72 1.0169 0.0035249
72.05 1.0174 0.0035108
72.101 1.0179 0.0034877
72.201 1.0192 0.0034767
72.298 1.0206 0.00344
72.4 1.0226 0.0034141
72.501 1.0249 0.0036218
72.599 1.0305 0.0041164
72.701 1.0349 0.012476
72.799 1.0305 0.020072
72.898 1.0255 0.020012
73.001 1.0246 0.019145
73.1 1.0262 0.019564
73.199 1.0259 0.024227
73.298 1.0219 0.026018
73.398 1.0194 0.025432
73.498 1.0181 0.024831
73.599 1.0173 0.024499
73.699 1.0167 0.024375
73.8 1.0161 0.024282
73.901 1.0156 0.024228
73.998 1.0151 0.024184
74.501 1.0132 0.024343
75.001 1.0118 0.02402
75.499 1.011 0.023955
75.999 1.0106 0.023853
76.999 1.0095 0.02518
77.997 1.0078 0.024757
79.001 1.0075 0.024501
80 1.0075 0.024476
82 1.0077 0.02546
84 1.0074 0.026826
85.999 1.0065 0.028232
88.001 1.006 0.028956
90 1.0058 0.030918
91.997 1.0041 0.033392
93.999 1.0012 0.035311
96 0.99652 0.035883
97.996 0.99265 0.033061
99.995 0.99123 0.02992
105 0.99285 0.024415
110 0.99415 0.025452
115 0.99233 0.024928
120 0.99139 0.024063
125 0.98941 0.023421
130 0.98761 0.020606
135 0.98793 0.017765
140 0.98883 0.016304
145 0.98934 0.015437
150 0.98966 0.014773
160 0.98912 0.013728
170 0.98909 0.010987
180 0.99007 0.0096517
190 0.99054 0.0084716
200 0.99111 0.0075099
250 0.99313 0.0041863
300 0.9948 0.0023492
400 0.99694 0.00096887
500 0.99797 0.00043503
600 0.9986 0.00022001
700 0.99898 0.00011811
800 0.99924 7.2992e-05
900 0.9994 4.6771e-05
999.95 0.99953 3.1115e-05
1100 0.99961 2.1586e-05
1200 0.99968 1.5628e-05
1300 0.99974 1.1636e-05
1400 0.99979 8.94e-06
1450 0.99981 7.8422e-06
1500 0.99983 6.8049e-06
1520 0.99985 6.4818e-06
1540 0.99987 6.1901e-06
1550 0.99989 6.0484e-06
1552 0.99991 1.1026e-05
1554 0.99991 2.3687e-05
1558 0.99992 3.2911e-05
1559 0.99992 4.1131e-05
1560 0.99993 4.9998e-05
1562 0.99992 7.1847e-05
1564 0.9999 8.5418e-05
1580 0.99987 7.848e-05
1595 0.99986 7.4862e-05
1675 0.99984 6.1633e-05
1700 0.99984 5.7974e-05
1800 0.99985 4.7138e-05
1900 0.99986 3.8497e-05
2000 0.99987 3.2079e-05
2500 0.99991 1.3642e-05
3000 0.99994 7.1408e-06
3500 0.99995 4.0484e-06
4000 0.99997 2.4843e-06
5000 0.99998 1.0726e-06
6000 0.99998 5.5102e-07
7000 0.99999 3.1463e-07
8000 0.99999 1.9173e-07
9000 0.99999 1.2488e-07
9500 0.99999 1.272e-07
9999.5 0.99999 8.241e-08
