0.64008 3.87 7.79
0.77009 3.61 7.26
0.89005 3.42 6.77
1.0196 3.17 6.31
1.1396 2.94 5.88
1.26 2.78 5.5
1.39 2.65 5.16
1.5102 2.53 4.88
1.64 2.4 4.64
1.7611 2.31 4.45
1.8814 2.25 4.27
2.0095 2.19 4.11
2.1303 2.13 3.96
2.2584 2.05 3.82
2.3797 1.97 3.68
2.4997 1.88 3.55
2.6324 1.81 3.41
2.7491 1.74 3.28
2.8767 1.67 3.17
3.002 1.61 3.05
3.123 1.57 2.93
3.2542 1.53 2.82
3.3691 1.5 2.71
3.5024 1.49 2.61
3.6253 1.48 2.52
3.7345 1.46 2.44
3.8745 1.45 2.37
3.9866 1.44 2.31
4.1191 1.44 2.25
4.246 1.44 2.19
4.3656 1.44 2.14
4.4922 1.44 2.09
4.6091 1.44 2.04
4.7322 1.44 2.01
4.8621 1.45 1.97
4.9793 1.45 1.93
5.1022 1.46 1.91
5.2314 1.47 1.89
5.3673 1.47 1.87
5.486 1.45 1.86
5.6101 1.43 1.85
5.74 1.41 1.84
5.8483 1.38 1.82
5.9896 1.36 1.78
6.1076 1.32 1.75
6.2304 1.29 1.71
6.3582 1.26 1.67
6.4575 1.21 1.63
6.5949 1.16 1.59
