0.64008 3.71 5.04
0.77009 3.66 4.31
0.89005 3.69 3.84
1.0196 3.67 3.6
1.1396 3.58 3.58
1.26 3.41 3.57
1.39 3.3 3.52
1.5102 3.2 3.48
1.64 3.08 3.42
1.7611 3.05 3.39
1.8814 3.09 3.34
2.0095 3.17 3.3
2.1303 3.22 3.3
2.2584 3.18 3.33
2.3797 2.94 3.33
2.4997 2.75 3.3
2.6324 2.51 3.24
2.7491 2.33 3.14
2.8767 2.19 3.04
3.002 2.08 2.93
3.123 2 2.83
3.2542 1.92 2.74
3.3691 1.87 2.69
3.5024 1.84 2.64
3.6253 1.76 2.58
3.7345 1.69 2.53
3.8745 1.65 2.47
3.9866 1.58 2.4
4.1191 1.53 2.34
4.246 1.48 2.28
4.3656 1.45 2.21
4.4922 1.43 2.15
4.6091 1.39 2.08
4.7322 1.38 2.03
4.8621 1.37 1.97
4.9793 1.36 1.91
5.1022 1.36 1.85
5.2314 1.38 1.8
5.3673 1.4 1.77
5.486 1.43 1.74
5.6101 1.45 1.73
5.74 1.47 1.72
5.8483 1.46 1.72
5.9896 1.46 1.71
6.1076 1.43 1.7
6.2304 1.39 1.7
6.3582 1.35 1.68
6.4575 1.31 1.65
6.5949 1.28 1.64
