0.64008 1.09 13.43
0.77009 0.76 11.12
0.89005 0.6 9.439
1.0196 0.48 8.245
1.1396 0.36 7.217
1.26 0.32 6.421
1.39 0.3 5.768
1.51 0.26 5.18
1.64 0.24 4.665
1.7599 0.21 4.205
1.88 0.22 3.747
2.0101 0.3 3.205
2.1299 0.7 2.704
2.26 1.02 2.577
2.3802 1.18 2.608
2.5002 1.22 2.564
2.6301 1.25 2.483
2.7497 1.24 2.397
2.88 1.25 2.305
2.9999 1.28 2.207
3.1199 1.32 2.116
3.2499 1.33 2.045
3.3701 1.36 1.975
3.5004 1.37 1.916
3.62 1.36 1.864
3.7401 1.34 1.821
3.8697 1.38 1.783
3.9905 1.38 1.729
4.1204 1.4 1.679
4.2402 1.42 1.633
4.3595 1.45 1.633
4.4906 1.46 1.646
4.6108 1.45 1.668
4.7395 1.41 1.691
4.8602 1.41 1.741
4.9793 1.37 1.783
5.1106 1.34 1.799
5.2292 1.28 1.802
5.3603 1.23 1.792
5.4812 1.18 1.768
5.6 1.13 1.737
5.7294 1.08 1.699
5.8511 1.04 1.651
5.9809 1.01 1.599
6.0986 0.99 1.55
6.221 0.98 1.493
6.3484 0.97 1.44
6.471 0.95 1.388
6.5984 0.94 1.337
