0.130 10.800 47.500
0.140 9.640 45.100
0.150 8.570 42.600
0.160 7.660 40.300
0.180 6.230 36.300
0.200 5.230 33.000
0.220 4.440 30.000
0.240 3.810 27.500
0.260 3.320 25.400
0.280 2.920 23.700
0.300 2.590 22.200
0.320 2.320 20.800
0.340 2.090 19.600
0.360 1.900 18.400
0.380 1.730 17.400
0.400 1.590 16.500
0.420 1.470 15.700
0.440 1.370 15.000
0.460 1.290 14.400
0.480 1.220 13.700
0.500 1.150 13.200
0.520 1.090 12.700
0.540 1.030 12.200
0.560 0.980 11.800
0.580 0.933 11.300
0.600 0.890 11.000
0.620 0.850 10.600
0.640 0.815 10.300
0.660 0.782 9.970
0.680 0.752 9.680
0.700 0.723 9.410
0.720 0.697 9.160
0.740 0.672 8.920
0.760 0.649 8.690
0.780 0.627 8.470
0.800 0.606 8.260
0.820 0.586 8.060
0.840 0.572 7.880
0.860 0.559 7.700
0.880 0.547 7.530
0.900 0.536 7.360
0.920 0.525 7.210
0.940 0.515 7.060
0.960 0.505 6.920
0.980 0.496 6.780
1.00E+00	4.33E-01	8.46E+001.50E+00	2.60E-01	5.26E+001.70E+00	2.23E-01	4.43E+001.75E+00	2.14E-01	4.24E+001.80E+00	2.13E-01	4.05E+001.85E+00	2.15E-01	3.86E+001.90E+00	2.14E-01	3.67E+002.00E+00	2.72E-01	3.24E+002.10E+00	4.68E-01	2.81E+002.20E+00	8.26E-01	2.60E+002.30E+00	1.04E+00	2.59E+002.40E+00	1.12E+00	2.60E+002.60E+00	1.15E+00	2.50E+002.80E+00	1.17E+00	2.36E+003.00E+00	1.18E+00	2.21E+003.20E+00	1.23E+00	2.07E+003.40E+00	1.27E+00	1.95E+003.60E+00	1.31E+00	1.87E+003.80E+00	1.34E+00	1.81E+004.00E+00	1.34E+00	1.72E+004.20E+00	1.42E+00	1.64E+004.40E+00	1.49E+00	1.64E+004.60E+00	1.52E+00	1.67E+004.80E+00	1.53E+00	1.71E+005.00E+00	1.47E+00	1.78E+005.20E+00	1.38E+00	1.80E+005.40E+00	1.28E+00	1.78E+005.60E+00	1.18E+00	1.74E+005.80E+00	1.10E+00	1.67E+006.00E+00	1.04E+00	1.59E+006.50E+00	9.58E-01	1.37E+007.00E+00	9.72E-01	1.20E+007.50E+00	1.01E+00	1.09E+008.00E+00	1.03E+00	1.03E+008.50E+00	1.03E+00	9.79E-019.00E+00	1.03E+00	9.21E-019.50E+00	1.03E+00	8.67E-011.00E+01	1.04E+00	8.18E-011.10E+01	1.07E+00	7.54E-011.20E+01	1.09E+00	7.13E-011.30E+01	1.08E+00	7.24E-011.40E+01	1.06E+00	7.24E-011.45E+01	1.03E+00	7.17E-011.50E+01	1.01E+00	7.07E-011.55E+01	9.81E-01	6.95E-011.60E+01	9.54E-01	6.73E-011.70E+01	9.13E-01	6.20E-011.80E+01	8.90E-01	5.61E-0119	0.883	0.50720	0.882	0.45521	0.897	0.41122	0.917	0.38123	0.943	0.36624	0.961	0.37325	0.96	0.39626	0.921	0.403