0.64008 3.17 6.12
0.77009 3.11 5.39
0.89005 3.09 4.83
1.0196 3.03 4.39
1.1396 2.97 4.06
1.26 2.92 3.79
1.39 2.96 3.56
1.5102 2.94 3.39
1.64 2.87 3.28
1.7611 2.86 3.19
1.8814 2.92 3.1
2.0095 2.88 3.05
2.1303 2.94 2.99
2.2584 2.95 2.93
2.3797 2.86 2.91
2.4997 2.74 2.88
2.6324 2.67 2.82
2.7491 2.59 2.77
2.8767 2.48 2.71
3.002 2.35 2.65
3.123 2.24 2.58
3.2542 2.12 2.5
3.3691 2.02 2.43
3.5024 1.93 2.35
3.6253 1.85 2.27
3.7345 1.78 2.19
3.8745 1.74 2.12
3.9866 1.69 2.06
4.1191 1.67 2
4.246 1.65 1.94
4.3656 1.64 1.88
4.4922 1.62 1.84
4.6091 1.59 1.79
4.7322 1.56 1.75
4.8621 1.53 1.7
4.9793 1.51 1.66
5.1022 1.5 1.61
5.2314 1.48 1.57
5.3673 1.48 1.53
5.486 1.47 1.49
5.6101 1.47 1.47
5.74 1.47 1.44
5.8483 1.47 1.43
5.9896 1.49 1.41
6.1076 1.47 1.4
6.2304 1.45 1.4
6.3582 1.42 1.39
6.4575 1.35 1.37
6.5949 1.29 1.35
