0.12398 24.8 51.9
0.15498 18.4 45.3
0.20664 12.4 37.2
0.24797 9.77 32.2
0.30996 7.27 26.7
0.35424 6 23.9
0.41328 4.7 20.9
0.47686 4 18.3
0.49594 3.81 17.6
0.5166 3.65 16.9
0.56356 3.3 15.6
0.5904 3.13 15
0.61992 2.97 14.5
0.65255 2.8 13.8
0.6888 2.64 13.1
0.72932 2.49 12.5
0.7749 2.33 11.8
0.82656 2.19 11
0.8856 2.06 10.35
0.95372 1.95 9.7
1.0332 1.87 9
1.1271 1.84 8.38
1.2398 1.81 7.77
1.3051 1.72 7.44
1.3776 1.59 7.18
1.4586 1.45 6.78
1.5498 1.32 6.6
1.6314 1.19 6.31
1.6531 1.17 6.26
1.6755 1.13 6.18
1.722 1.07 6
1.7712 1.01 5.83
1.9074 0.9 5.42
2.0664 0.795 5.02
2.2543 0.7 4.7
