0.64008 3.89 5.95
0.77009 3.78 5.41
0.89005 3.65 5.02
1.0196 3.48 4.74
1.1396 3.3 4.53
1.26 3.1 4.35
1.39 2.97 4.18
1.5102 2.83 4.03
1.64 2.7 3.91
1.7611 2.62 3.78
1.8814 2.56 3.65
2.0095 2.51 3.54
2.1303 2.47 3.43
2.2584 2.39 3.33
2.3797 2.32 3.23
2.4997 2.25 3.14
2.6324 2.19 3.06
2.7491 2.11 2.98
2.8767 2.06 2.9
3.002 2 2.82
3.123 1.96 2.74
3.2542 1.92 2.67
3.3691 1.89 2.59
3.5024 1.89 2.51
3.6253 1.87 2.45
3.7345 1.86 2.38
3.8745 1.86 2.32
3.9866 1.86 2.25
4.1191 1.86 2.19
4.246 1.85 2.14
4.3656 1.85 2.08
4.4922 1.86 2.03
4.6091 1.85 1.99
4.7322 1.84 1.94
4.8621 1.83 1.91
4.9793 1.82 1.86
5.1022 1.82 1.82
5.2314 1.81 1.79
5.3673 1.78 1.76
5.486 1.74 1.73
5.6101 1.73 1.7
5.74 1.72 1.67
5.8483 1.7 1.64
5.9896 1.67 1.61
6.1076 1.63 1.58
6.2304 1.62 1.55
6.3582 1.59 1.52
6.4575 1.55 1.5
6.5949 1.48 1.47
