0.5 3.2764 8.036
0.6 2.6233 6.8855
0.7 2.191 5.9784
0.8 1.8957 5.2462
0.9 1.6896 4.6426
1 1.5443 4.1357
1.1 1.4422 3.703
1.2 1.3722 3.3283
1.3 1.3272 2.9999
1.4 1.3024 2.7091
1.5 1.2949 2.4498
1.6 1.3024 2.2176
1.7 1.3235 2.0093
1.8 1.3566 1.8232
1.9 1.4004 1.6581
2 1.453 1.5133
2.1 1.5123 1.388
2.2 1.5762 1.2812
2.3 1.6428 1.1918
2.4 1.7103 1.1181
2.5 1.7778 1.0585
2.6 1.8444 1.0117
2.7 1.9097 0.97628
2.8 1.9737 0.9514
2.9 2.0362 0.93639
3 2.0973 0.93091
3.1 2.1569 0.93489
3.2 2.2149 0.94855
3.3 2.2708 0.97238
3.4 2.3239 1.007
3.5 2.3731 1.0534
3.6 2.4167 1.1123
3.7 2.4521 1.1844
3.8 2.4759 1.2699
3.9 2.4842 1.3677
4 2.4722 1.4754
4.1 2.4356 1.5881
4.2 2.3718 1.699
4.3 2.2809 1.7995
4.4 2.1666 1.8813
4.5 2.0361 1.9382
4.6 1.8979 1.9676
4.7 1.7604 1.9706
4.8 1.63 1.9506
4.9 1.511 1.9125
5 1.4052 1.8613
