0.009910267	5.841016959	0.701308042
0.00996748	5.840386312	0.705331161
0.010025023	5.83974843	0.709376772
0.010082898	5.839103235	0.713444984
0.010141107	5.838450652	0.717535906
0.010199652	5.837790601	0.721649646
0.010258535	5.837123004	0.725786315
0.010317759	5.836447783	0.72994602
0.010377324	5.835764858	0.734128871
0.010437233	5.835074149	0.738334976
0.010497487	5.834375576	0.742564444
0.01055809	5.833669058	0.746817384
0.010619043	5.832954513	0.751093905
0.010680347	5.832231862	0.755394114
0.010742005	5.831501021	0.759718121
0.01080402	5.830761909	0.764066034
0.010866392	5.830014443	0.76843796
0.010929124	5.82925854	0.772834006
0.010992219	5.828494118	0.777254282
0.011055677	5.827721092	0.781698893
0.011119503	5.826939381	0.786167947
0.011183696	5.826148899	0.790661551
0.01124826	5.825349564	0.79517981
0.011313197	5.824541291	0.799722831
0.011378509	5.823723997	0.804290719
0.011444198	5.822897597	0.808883579
0.011510266	5.822062009	0.813501516
0.011576716	5.821217148	0.818144634
0.011643549	5.820362931	0.822813036
0.011710768	5.819499274	0.827506827
0.011778375	5.818626095	0.832226107
0.011846372	5.81774331	0.83697098
0.011914762	5.816850837	0.841741547
0.011983546	5.815948594	0.846537908
0.012052728	5.8150365	0.851360163
0.012122309	5.814114474	0.856208412
0.012192292	5.813182436	0.861082752
0.012262679	5.812240306	0.865983282
0.012333472	5.811288005	0.870910097
0.012404674	5.810325457	0.875863296
0.012476287	5.809352584	0.880842971
0.012548314	5.808369311	0.885849217
0.012620756	5.807375564	0.890882128
0.012693616	5.80637127	0.895941795
0.012766897	5.805356358	0.90102831
0.012840601	5.804330758	0.906141762
0.012914731	5.803294402	0.91128224
0.012989288	5.802247224	0.916449832
0.013064276	5.80118916	0.921644625
0.013139697	5.800120148	0.926866703
0.013215554	5.79904013	0.932116151
0.013291848	5.797949047	0.937393051
0.013368583	5.796846847	0.942697485
0.01344576	5.795733477	0.948029533
0.013523383	5.79460889	0.953389273
0.013601455	5.793473041	0.958776784
0.013679977	5.792325889	0.964192141
0.013758952	5.791167397	0.969635418
0.013838383	5.789997532	0.975106689
0.013918273	5.788816265	0.980606025
0.013998624	5.787623571	0.986133497
0.014079439	5.786419431	0.991689173
0.014160721	5.785203831	0.997273121
0.014242472	5.783976763	1.002885407
0.014324694	5.782738224	1.008526094
0.014407392	5.781488218	1.014195247
0.014490566	5.780226754	1.019892927
0.014574221	5.77895385	1.025619194
0.014658359	5.77766953	1.031374108
0.014742983	5.776373826	1.037157726
0.014828095	5.775066781	1.042970106
0.014913699	5.773748442	1.048811303
0.014999796	5.772418868	1.054681373
0.015086391	5.771078129	1.060580368
0.015173486	5.769726302	1.066508344
0.015261083	5.768363478	1.072465352
0.015349186	5.766989758	1.078451446
0.015437798	5.765605255	1.084466677
0.015526922	5.764210095	1.090511098
0.01561656	5.762804418	1.096584762
0.015706715	5.761388376	1.102687723
0.015797391	5.75996214	1.108820035
0.01588859	5.758525893	1.114981753
0.015980316	5.757079835	1.121172934
0.016072571	5.755624185	1.127393638
0.016165359	5.754159179	1.133643927
0.016258683	5.752685072	1.139923866
0.016352545	5.75120214	1.146233522
0.01644695	5.749710678	1.152572969
0.016541899	5.748211005	1.158942284
0.016637396	5.746703462	1.165341549
0.016733445	5.745188415	1.171770855
0.016830048	5.743666254	1.178230298
0.016927209	5.742137398	1.184719983
0.017024931	5.740602289	1.191240024
0.017123217	5.739061404	1.197790545
0.01722207	5.737515244	1.204371684
0.017321495	5.735964345	1.210983588
0.017421493	5.734409276	1.217626422
0.017522068	5.732850637	1.224300363
0.017623224	5.731289067	1.231005611
0.017724964	5.72972524	1.237742379
0.017827291	5.728159868	1.244510907
0.017930209	5.726593703	1.251311455
0.018033722	5.72502754	1.258144309
0.018137831	5.723462213	1.265009785
0.018242542	5.721898603	1.271908227
0.018347858	5.720337636	1.278840015
0.018453781	5.718780283	1.285805563
0.018560316	5.717227565	1.292805327
0.018667466	5.715680552	1.299839805
0.018775234	5.714140366	1.306909543
0.018883625	5.71260818	1.314015134
0.018992641	5.711085219	1.321157231
0.019102287	5.709572766	1.328336542
0.019212566	5.708072156	1.335553841
0.019323481	5.706584781	1.34280997
0.019435037	5.705112092	1.350105848
0.019547236	5.703655595	1.357442469
0.019660084	5.702216854	1.364820918
0.019773583	5.700797491	1.372242368
0.019887737	5.699399187	1.379708092
0.02000255	5.698023678	1.38721947
0.020118026	5.696672758	1.394777994
0.020234168	5.695348277	1.402385275
0.020350982	5.694052137	1.410043055
0.020468469	5.692786293	1.417753213
0.020586635	5.69155275	1.425517771
0.020705483	5.69035356	1.433338909
0.020825017	5.689190818	1.441218971
0.020945241	5.688066656	1.449160472
0.021066159	5.686983245	1.457166116
0.021187775	5.685942782	1.465238799
0.021310094	5.684947487	1.473381623
0.021433118	5.683999596	1.481597905
0.021556853	5.683101355	1.489891194
0.021681302	5.682255006	1.498265274
0.02180647	5.68146278	1.506724181
0.02193236	5.680726889	1.515272214
0.022058977	5.680049506	1.523913947
0.022186325	5.67943276	1.532654237
0.022314408	5.678878717	1.54149824
0.02244323	5.678389361	1.550451422
0.022572796	5.677966585	1.559519567
0.02270311	5.677612163	1.56870879
0.022834177	5.677327735	1.578025547
0.022966	5.677114784	1.587476644
0.023098584	5.676974611	1.597069247
0.023231934	5.67690831	1.606810888
0.023366053	5.676916744	1.616709475
0.023500947	5.67700051	1.626773294
0.023636619	5.677159916	1.637011016
0.023773075	5.677394944	1.647431699
0.023910319	5.677705216	1.658044788
0.024048354	5.678089964	1.668860117
0.024187187	5.678547986	1.679887904
0.024326821	5.679077612	1.691138743
0.024467261	5.679676664	1.7026236
0.024608512	5.680342412	1.714353803
0.024750579	5.681071535	1.726341022
0.024893466	5.681860076	1.738597259
0.025037177	5.682703396	1.751134823
0.025181718	5.683596133	1.763966307
0.025327094	5.684532154	1.777104559
0.025473309	5.685504512	1.790562654
0.025620368	5.686505396	1.80435385
0.025768276	5.687526093	1.818491554
0.025917038	5.688556941	1.832989273
0.026066658	5.689587283	1.847860564
0.026217143	5.690605433	1.863118981
0.026368496	5.691598632	1.87877801
0.026520723	5.692553014	1.894851013
0.026673829	5.693453571	1.911351147
0.026827819	5.694284122	1.928291297
0.026982697	5.695027292	1.945683997
0.02713847	5.695664485	1.963541339
0.027295142	5.696175868	1.981874889
0.027452719	5.696540362	2.000695593
0.027611205	5.696735638	2.02001368
0.027770606	5.696738114	2.039838558
0.027930928	5.696522965	2.060178714
0.028092175	5.696064143	2.081041602
0.028254353	5.695334397	2.102433534
0.028417467	5.694305304	2.124359571
0.028581523	5.692947318	2.146823405
0.028746526	5.691229813	2.169827248
0.028912481	5.689121148	2.193371714
0.029079395	5.686588737	2.21745571
0.029247272	5.68359913	2.24207632
0.029416118	5.680118105	2.267228695
0.029585939	5.676110768	2.292905948
0.029756741	5.67154167	2.31909905
0.029928528	5.666374927	2.345796732
0.030101308	5.660574356	2.372985394
0.030275084	5.654103623	2.400649015
0.030449864	5.646926393	2.428769086
0.030625653	5.639006501	2.457324531
0.030802457	5.630308124	2.486291657
0.030980282	5.620795969	2.5156441
0.031159133	5.610435461	2.545352799
0.031339016	5.599192953	2.575385965
0.031519939	5.587035926	2.605709079
0.031701905	5.573933211	2.6362849
0.031884922	5.559855204	2.667073485
0.032068996	5.544774096	2.698032233
0.032254132	5.5286641	2.729115941
0.032440337	5.51150168	2.760276883
0.032627617	5.49326578	2.791464906
0.032815979	5.47393806	2.822627545
0.033005427	5.453503118	2.853710164
0.03319597	5.431948716	2.884656108
0.033387612	5.409265993	2.915406887
0.033580361	5.385449684	2.945902376
0.033774223	5.360498307	2.976081035
0.033969203	5.334414362	3.005880155
0.03416531	5.3072045	3.035236122
0.034362548	5.278879681	3.064084703
0.034560925	5.249455316	3.092361353
0.034760448	5.218951384	3.120001539
0.034961122	5.187392531	3.146941084
0.035162955	5.15480814	3.173116528
0.035365953	5.121232379	3.198465504
0.035570123	5.08670421	3.22292713
0.035775471	5.051267379	3.246442408
0.035982005	5.014970359	3.268954638
0.036189732	4.977866269	3.290409834
0.036398657	4.940012749	3.310757151
0.036608789	4.901471794	3.329949303
0.036820134	4.862309551	3.347942987
0.037032699	4.822596075	3.364699297
0.037246491	4.782405035	3.380184128
0.037461517	4.741813383	3.394368562
0.037677785	4.700900977	3.407229242
0.037895301	4.659750158	3.418748712
0.038114073	4.618445285	3.428915736
0.038334108	4.577072232	3.437725573
0.038555413	4.535717838	3.445180218
0.038777996	4.494469327	3.451288593
0.039001864	4.45341369	3.456066688
0.039227024	4.412637038	3.459537639
0.039453484	4.372223936	3.46173175
0.039681252	4.332256711	3.462686442
0.039910334	4.292814757	3.462446128
0.040140739	4.253973832	3.461062018
0.040372474	4.215805369	3.458591836
0.040605547	4.178375791	3.455099462
0.040839965	4.14174587	3.450654487
0.041075737	4.105970107	3.445331693
0.04131287	4.071096176	3.43921045
0.041551371	4.037164424	3.43237404
0.04179125	4.004207442	3.424908914
0.042032514	3.972249721	3.41690389
0.04227517	3.94130741	3.408449306
0.042519227	3.911388161	3.39963613
0.042764693	3.882491094	3.390555052
0.043011577	3.854606875	3.381295571
0.043259885	3.827717901	3.371945091
0.043509627	3.801798606	3.362588039
0.043760811	3.776815875	3.353305033
0.044013445	3.752729561	3.344172107
0.044267537	3.729493098	3.335260012
0.044523097	3.707054191	3.326633605
0.044780131	3.685355578	3.318351337
0.04503865	3.66433584	3.310464852
0.045298661	3.643930248	3.3030187
0.045560173	3.624071623	3.296050158
0.045823194	3.604691661	3.289588751
0.046087735	3.58571971	3.283658191
0.046353802	3.567087507	3.278272941
0.046621405	3.548725043	3.273442951
0.046890554	3.530566508	3.269169171
0.047161256	3.512546025	3.265448466
0.047433521	3.494601813	3.262270745
0.047707357	3.476673948	3.25962198
0.047982775	3.458707036	3.257482619
0.048259783	3.440648922	3.255829617
0.048538389	3.422451919	3.254636047
0.048818605	3.404071576	3.253872952
0.049100437	3.385468875	3.253507842
0.049383897	3.366607678	3.253507647
0.049668994	3.347456943	3.253836999
0.049955736	3.327988712	3.25446051
0.050244134	3.308179823	3.255341343
0.050534196	3.288009929	3.25644331
0.050825933	3.267462191	3.257730293
0.051119355	3.246523211	3.259166327
0.05141447	3.225181968	3.260716626
0.051711289	3.203431001	3.262346318
0.052009821	3.181264201	3.264022535
0.052310077	3.158678067	3.265713005
0.052612067	3.135671	3.267386569
0.052915799	3.11224323	3.269013064
0.053221286	3.088396108	3.270563844
0.053528535	3.064132207	3.272011464
0.053837559	3.039455716	3.273329047
0.054148367	3.014371286	3.274491293
0.054460969	2.988884545	3.275473736
0.054775375	2.963002374	3.276252243
0.055091597	2.93673136	3.276804536
0.055409644	2.910079291	3.277108403
0.055729528	2.883054536	3.27714223
0.056051258	2.855665524	3.276885492
0.056374845	2.827921576	3.276317712
0.056700301	2.799832305	3.275419086
0.057027635	2.771408205	3.274169748
0.057356859	2.74265984	3.272550716
0.057687984	2.713598663	3.270542935
0.05802102	2.684237019	3.268127312
0.058355979	2.654587532	3.265285523
0.058692872	2.624664049	3.261998977
0.05903171	2.594481134	3.258249567
0.059372503	2.564054983	3.254018692
0.059715265	2.533401921	3.249289357
0.060060005	2.502540802	3.24404338
0.060406735	2.471491004	3.238264206
0.060755467	2.440273997	3.231935216
0.061106212	2.408912701	3.225040888
0.061458982	2.377432024	3.217566464
0.061813788	2.345858579	3.209498711
0.062170643	2.314221143	3.200825702
0.062529558	2.282550458	3.191537476
0.062890545	2.250879089	3.181626609
0.063253617	2.219241702	3.171088152
0.063618784	2.187674618	3.159920503
0.063986059	2.156215383	3.148126171
0.064355454	2.12490305	3.135711366
0.064726983	2.093777159	3.122687268
0.065100655	2.062877202	3.109070397
0.065476486	2.032241758	3.094883183
0.065854486	2.001907876	3.080153841
0.066234668	1.971909665	3.064917088
0.066617045	1.942277371	3.049213726
0.067001629	1.913035718	3.03309097
0.067388434	1.884202817	3.016601475
0.067777471	1.855788327	2.999803176
0.068168755	1.827792305	2.982757742
0.068562297	1.800203834	2.965529144
0.068958112	1.772999587	2.948182271
0.069356211	1.746143108	2.930780468
0.069756609	1.719584576	2.913382556
0.070159318	1.693260176	2.896041054
0.070564353	1.667093058	2.878798505
0.070971725	1.640994326	2.861684749
0.071381449	1.614864946	2.844713873
0.071793539	1.588597979	2.82788199
0.072208008	1.562082008	2.811164459
0.072624869	1.535204567	2.794514644
0.073044137	1.507856496	2.777862497
0.073465825	1.479935831	2.761115328
0.073889948	1.451352894	2.744157455
0.074316519	1.422034546	2.726852108
0.074745553	1.391927881	2.709044766
0.075177064	1.361004464	2.690565377
0.075611066	1.329263145	2.671232739
0.076047574	1.296732178	2.650859329
0.076486601	1.263470636	2.629256181
0.076928163	1.229568954	2.606237878
0.077372274	1.195148666	2.581627286
0.077818949	1.160360666	2.55526138
0.078268203	1.125383517	2.526994934
0.07872005	1.090420528	2.49670492
0.079174506	1.055696264	2.464294439
0.079631585	1.021453235	2.429694759
0.080091303	0.987947866	2.392867901
0.080553676	0.955446483	2.353808525
0.081018717	0.924221845	2.312544259
0.081486443	0.894549103	2.269137552
0.08195687	0.866703001	2.223684893
0.082430012	0.840954401	2.17631828
0.082905885	0.81756727	2.127205973
0.083384506	0.796795618	2.076553349
0.08386589	0.778879616	2.024604997
0.084350053	0.764040828	1.971646934
0.084837011	0.752475804	1.918009093
0.085326781	0.744347356	1.864067726
0.085819378	0.739773304	1.810246007
0.086314818	0.738812061	1.757012598
0.086813119	0.741445934	1.704875231
0.087314297	0.747563051	1.65436845
0.087818368	0.756940786	1.606033125
0.088325349	0.769234255	1.56038753
0.088835257	0.783974068	1.517891689
0.089348108	0.800577111	1.478908745
0.08986392	0.818372537	1.443668492
0.090382711	0.836640547	1.412241486
0.090904496	0.854660125	1.384527154
0.091429293	0.871758082	1.360259423
0.09195712	0.887352294	1.339028515
0.092487994	0.900984231	1.320314208
0.093021933	0.912339069	1.303524298
0.093558955	0.921251865	1.288035857
0.094099077	0.927704175	1.273232008
0.094642316	0.931811839	1.258534734
0.095188693	0.93380666	1.24343223
0.095738223	0.934014645	1.227499565
0.096290926	0.932831349	1.210413857
0.096846819	0.930695125	1.191964288
0.097405922	0.928060146	1.172055513
0.097968253	0.925368877	1.150705825
0.098533829	0.923025502	1.128039142
0.099102671	0.921371771	1.104270576
0.099674797	0.920666542	1.079686208
0.100250226	0.921070947	1.054617791
0.100828977	0.922641595	1.029413262
0.101411069	0.925332295	1.004406507
0.101996522	0.929004835	0.979889177
0.102585354	0.933448187	0.95608735
0.103177586	0.93840364	0.933145865
0.103773236	0.94359193	0.911122337
0.104372326	0.948739879	0.889989654
0.104974874	0.953602724	0.869646257
0.1055809	0.957980532	0.849931438
0.106190426	0.961728384	0.830642719
0.10680347	0.96476023	0.811553477
0.107420053	0.967048422	0.792428409
0.108040196	0.96861976	0.773036494
0.108663918	0.969549431	0.753161207
0.109291242	0.969954345	0.732607932
0.109922187	0.969986822	0.711209
0.110556775	0.969828334	0.688827593
0.111195026	0.969683914	0.665360714
0.111836962	0.969777517	0.64074151
0.112482604	0.970346714	0.614942171
0.113131973	0.971637564	0.587976614
0.113785091	0.973898197	0.55990343
0.11444198	0.977371138	0.530828292
0.11510266	0.982283767	0.500905236
0.115767155	0.988837408	0.470335603
0.116435486	0.997195143	0.439363879
0.117107676	1.007470267	0.408269348
0.117783746	1.019717235	0.377353483
0.118463719	1.033926137	0.346924304
0.119147617	1.050022991	0.317279098
0.119835464	1.067875821	0.288688099
0.120527282	1.087305407	0.261381456
0.121223093	1.108099488	0.235540867
0.121922922	1.130027157	0.211296568
0.12262679	1.152852627	0.188728798
0.123334723	1.17634619	0.167872708
0.124046742	1.200292281	0.148725183
0.124762871	1.224494787	0.131252325
0.125483135	1.248779417	0.115396768
0.126207557	1.272994678	0.101084166
0.126936162	1.297011412	0.08822869
0.127668972	1.32072135	0.076737502
0.128406013	1.344035424	0.066514245
0.129147309	1.366881906	0.05746172
0.129892885	1.389204426	0.049483898
0.130642764	1.410960076	0.042487387
0.131396973	1.432117733	0.03638249
0.132155536	1.452656473	0.031083941
0.132918479	1.47256406	0.0265114
0.133685825	1.491835729	0.022589758
0.134457602	1.510472944	0.019249299
0.135233834	1.528482398	0.016425745
0.136014548	1.545875136	0.014060228
0.136799768	1.562665558	0.012099173
0.137589522	1.578870821	0.010494142
0.138383835	1.594510146	0.009201625
0.139182733	1.609604139	0.0081828
0.139986244	1.624174381	0.007403264
0.140794394	1.638242931	0.006832743
0.141607208	1.65183193	0.006444792
0.142424716	1.664963266	0.006216482
0.143246943	1.67765834	0.006128083
0.144073916	1.689937739	0.006162753
0.144905664	1.70182118	0.006306225
0.145742214	1.713327302	0.006546507
0.146583593	1.724473535	0.006873589
0.147429829	1.735276035	0.00727917
0.148280951	1.745749743	0.00775639
0.149136986	1.755908271	0.008299589
0.149997963	1.765763901	0.00890408
0.150863911	1.775327712	0.009565932
0.151734858	1.784609532	0.010281786
0.152610833	1.793618041	0.011048672
0.153491864	1.802360857	0.01186386
0.154377983	1.810844562	0.012724713
0.155269217	1.819074859	0.013628566
0.156165595	1.827056604	0.014572614
0.157067149	1.834793952	0.015553821
0.157973908	1.84229043	0.016568838
0.158885901	1.849549058	0.017613935
0.159803159	1.85657248	0.01868495
0.160725713	1.86336301	0.019777248
0.161653593	1.869922826	0.020885695
0.162586829	1.876254011	0.022004644
0.163525453	1.882358704	0.023127933
0.164469496	1.88823921	0.024248896
0.165418989	1.893898073	0.025360393
0.166373963	1.899338238	0.026454844
0.16733445	1.904563068	0.027524283
0.168300483	1.909576499	0.028560423
0.169272092	1.914383141	0.029554732
0.17024931	1.918988248	0.030498525
0.17123217	1.923397899	0.031383061
0.172220705	1.92761896	0.032199657
0.173214945	1.93165918	0.032939807
0.174214926	1.935527135	0.033595308
0.17522068	1.939232312	0.03415839
0.17623224	1.942785027	0.034621852
0.17724964	1.946196404	0.034979193
0.178272913	1.949478299	0.035224744
0.179302094	1.952643258	0.035353793
0.180337216	1.955704369	0.035362695
0.181378314	1.958675158	0.035248977
0.182425423	1.961569474	0.035011423
0.183478576	1.964401294	0.034650138
0.18453781	1.96718459	0.034166593
0.185603158	1.969933134	0.033563644
0.186674657	1.972660332	0.032845528
0.187752341	1.97537903	0.032017824
0.188836247	1.978101352	0.031087393
0.189926411	1.980838502	0.030062292
0.191022868	1.983600648	0.028951651
0.192125655	1.986396753	0.027765542
0.193234809	1.989234468	0.026514808
0.194350365	1.992120029	0.025210892
0.195472362	1.995058222	0.023865644
0.196600837	1.998052307	0.022491116
0.197735826	2.001104048	0.021099366
0.198877367	2.004213732	0.019702252
0.200025499	2.007380218	0.018311242
0.201180258	2.010601033	0.016937232
0.202341685	2.013872485	0.015590386
0.203509816	2.017189791	0.014279991
0.204684691	2.020547237	0.013014342
0.205866349	2.023938339	0.011800653
0.207054828	2.027356025	0.010644991
0.208250169	2.030792792	0.009552247
0.20945241	2.034240908	0.008526129
0.210661592	2.037692553	0.007569184
0.211877754	2.041140011	0.00668284
0.213100938	2.044575777	0.005867479
0.214331183	2.04799271	0.005122517
0.215568531	2.05138413	0.004446508
0.216813021	2.054743907	0.003837251
0.218064697	2.05806653	0.00329191
0.219323598	2.06134715	0.002807132
0.220589767	2.064581606	0.002379163
0.221863245	2.067766425	0.002003971
0.223144076	2.070898821	0.001677346
0.224432301	2.073976664	0.001395005
0.225727963	2.07699844	0.001152676
0.227031104	2.079963213	0.00094618
0.228341769	2.082870554	0.000771491
0.229660001	2.085720503	0.000624789
0.230985842	2.088513479	0.0005025
0.232319338	2.091250248	0.000401321
0.233660532	2.093931842	0.000318239
0.235009469	2.096559509	0.000250538
0.236366194	2.099134662	0.000195796
0.237730751	2.101658822	0.000151879
0.239103185	2.104133588	0.000116923
0.240483543	2.106560591	8.93E-05
0.24187187	2.108941468	6.77E-05
0.243268211	2.111277836	5.09E-05
0.244672614	2.113571272	3.80E-05
0.246085124	2.115823301	2.81E-05
0.247505789	2.118035381	2.06E-05
0.248934656	2.120208901	1.50E-05
0.250371771	2.122345174	1.08E-05
0.251817183	2.124445442	7.75E-06
0.25327094	2.126510867	5.49E-06
0.254733089	2.128542541	3.86E-06
0.256203679	2.130541491	2.69E-06
0.257682759	2.132508673	1.85E-06
0.259170378	2.134444989	1.27E-06
0.260666585	2.136351284	8.58E-07
0.262171429	2.138228352	5.76E-07
0.263684961	2.140076944	3.82E-07
0.265207231	2.141897763	2.51E-07
0.266738289	2.143691483	1.64E-07
0.268278186	2.145458734	1.05E-07
0.269826973	2.147200122	6.73E-08
0.271384701	2.148916223	4.25E-08
0.272951422	2.150607585	2.65E-08
0.274527188	2.152274738	1.64E-08
0.276112051	2.153918185	1.00E-08
0.277706063	2.155538411	6.05E-09
0.279309278	2.157135885	3.61E-09
0.280921748	2.158711057	2.13E-09
0.282543527	2.160264363	1.25E-09
0.284174668	2.161796223	7.19E-10
0.285815226	2.163307045	4.10E-10
0.287465256	2.164797223	2.31E-10
0.289124811	2.16626714	1.29E-10
0.290793947	2.16771717	7.07E-11
0.292472718	2.169147671	3.84E-11
0.294161182	2.170558997	2.06E-11
0.295859393	2.171951488	1.09E-11
0.297567408	2.173325477	5.68E-12
0.299285283	2.174681288	2.92E-12
0.301013076	2.176019237	1.49E-12
0.302750843	2.177339631	7.45E-13
0.304498643	2.178642773	3.68E-13
0.306256533	2.179928955	1.79E-13
0.308024571	2.181198463	8.62E-14
0.309802816	2.182451579	4.08E-14
0.311591328	2.183688575	1.90E-14
0.313390164	2.184909719	8.75E-15
0.315199385	2.186115272	3.96E-15
0.317019051	2.187305492	1.77E-15
0.318849222	2.188480629	7.76E-16
0.320689959	2.189640927	3.35E-16
0.322541322	2.190786629	1.43E-16
0.324403373	2.191917967	5.96E-17
0.326276174	2.193035173	2.45E-17
0.328159787	2.194138475	9.93E-18
0.330054274	2.195228092	3.95E-18
0.331959699	2.196304243	1.55E-18
0.333876123	2.19736714	5.95E-19
0.335803611	2.198416994	2.25E-19
0.337742226	2.199454008	8.33E-20
0.339692033	2.200478384	3.04E-20
0.341653097	2.20149032	1.09E-20
0.343625482	2.20249001	3.82E-21
0.345609253	2.203477645	1.32E-21
0.347604477	2.204453411	4.45E-22
0.34961122	2.205417493	1.47E-22
0.351629547	2.206370071	4.79E-23
0.353659527	2.207311323	1.53E-23
0.355701226	2.208241423	4.77E-24
0.357754711	2.209160542	1.46E-24
0.359820052	2.21006885	4.38E-25
0.361897315	2.210966511	1.29E-25
0.363986571	2.21185369	3.70E-26
0.366087889	2.212730546	1.04E-26
0.368201337	2.213597236	2.86E-27
0.370326987	2.214453917	7.70E-28
0.372464908	2.21530074	2.03E-28
0.374615171	2.216137857	5.21E-29
0.376777848	2.216965414	1.31E-29
0.37895301	2.217783557	3.22E-30
0.38114073	2.21859243	7.71E-31
0.38334108	2.219392173	1.81E-31
0.385554132	2.220182926	4.13E-32
0.38777996	2.220964826	9.20E-33
0.390018638	2.221738006	2.00E-33
0.39227024	2.2225026	4.24E-34
0.394534841	2.223258738	8.76E-35
0.396812516	2.22400655	1.76E-35
0.399103339	2.224746161	3.46E-36
0.401407388	2.225477697	6.60E-37
0.403724738	2.226201282	1.23E-37
0.406055467	2.226917037	2.22E-38
0.40839965	2.227625081	3.90E-39
0.410757367	2.228325533	6.66E-40
0.413128695	2.22901851	1.11E-40
0.415513713	2.229704124	1.79E-41
0.4179125	2.230382491	2.80E-42
0.420325135	2.231053722	4.26E-43
0.422751699	2.231717927	6.29E-44
0.425192271	2.232375214	9.02E-45
0.427646933	2.233025691	1.25E-45
0.430115765	2.233669463	1.69E-46
0.432598851	2.234306636	2.20E-47
0.435096271	2.234937311	2.78E-48
0.43760811	2.235561591	3.40E-49
0.440134449	2.236179575	4.02E-50
0.442675373	2.236791364	4.60E-51
0.445230965	2.237397055	5.09E-52
0.447801312	2.237996744	5.44E-53
0.450386497	2.238590527	5.61E-54
0.452986607	2.239178497	5.60E-55
0.455601727	2.239760749	5.38E-56
0.458231944	2.240337374	5.00E-57
0.460877346	2.240908463	4.47E-58
0.46353802	2.241474105	3.85E-59
0.466214054	2.242034389	3.20E-60
0.468905537	2.242589403	2.56E-61
0.471612559	2.243139233	1.97E-62
0.474335208	2.243683965	1.46E-63
0.477073575	2.244223684	1.04E-64
0.479827751	2.244758473	7.09E-66
0.482597826	2.245288414	4.65E-67
0.485383894	2.24581359	2.93E-68
0.488186046	2.246334082	1.77E-69
0.491004375	2.246849969	1.03E-70
0.493838974	2.24736133	5.70E-72
0.496689937	2.247868245	3.03E-73
0.49955736	2.248370789	1.54E-74
0.502441336	2.248869041	7.51E-76
0.505341961	2.249363075	3.50E-77
0.508259332	2.249852967	1.56E-78
0.511193545	2.250338791	6.62E-80
0.514144698	2.250820621	2.68E-81
0.517112888	2.251298529	1.04E-82
0.520098213	2.251772588	3.83E-84
0.523100773	2.252242869	1.35E-85
0.526120666	2.252709442	4.50E-87
0.529157994	2.253172378	1.43E-88
0.532212857	2.253631746	4.34E-90
0.535285355	2.254087615	1.25E-91
0.538375591	2.254540052	3.41E-93
0.541483667	2.254989127	8.85E-95
0.544609687	2.255434904	2.18E-96
0.547753753	2.255877451	5.07E-98
0.55091597	2.256316834	1.12E-99
0.554096442	2.256753117	2.34E-101
0.557295276	2.257186366	4.63E-103
0.560512577	2.257616644	8.65E-105
0.563748451	2.258044015	1.53E-106
0.567003006	2.258468542	2.54E-108
0.57027635	2.258890288	3.99E-110
0.573568592	2.259309314	5.91E-112
0.576879839	2.259725684	8.24E-114
0.580210203	2.260139457	1.08E-115
0.583559793	2.260550694	1.33E-117
0.58692872	2.260959456	1.55E-119
0.590317097	2.261365803	1.68E-121
0.593725035	2.261769794	1.72E-123
0.597152647	2.262171489	1.64E-125
0.600600046	2.262570945	1.47E-127
0.604067349	2.262968222	1.23E-129
0.607554667	2.263363376	9.68E-132
0.611062119	2.263756467	7.09E-134
0.614589819	2.264147551	4.84E-136
0.618137885	2.264536685	3.09E-138
0.621706433	2.264923926	1.83E-140
0.625295584	2.26530933	1.01E-142
0.628905455	2.265692952	5.22E-145
0.632536166	2.266074849	2.49E-147
0.636187837	2.266455077	1.11E-149
0.639860589	2.26683369	4.55E-152
0.643554545	2.267210743	1.74E-154
0.647269826	2.26758629	6.13E-157
0.651006555	2.267960387	2.00E-159
0.654764857	2.268333088	6.04E-162
0.658544856	2.268704445	1.68E-164
0.662346676	2.269074514	4.32E-167
0.666170446	2.269443348	1.02E-169
0.67001629	2.269810999	2.22E-172
0.673884336	2.270177522	4.45E-175
0.677774712	2.270542969	8.18E-178
0.681687549	2.270907393	1.38E-180
0.685622974	2.271270847	2.13E-183
0.689581118	2.271633384	3.02E-186
0.693562114	2.271995055	3.90E-189
0.697566091	2.272355913	4.61E-192
0.701593185	2.27271601	4.96E-195
0.705643526	2.273075399	4.87E-198
0.709717251	2.273434131	4.36E-201
0.713814493	2.273792258	3.54E-204
0.717935389	2.274149833	2.61E-207
0.722080075	2.274506906	1.75E-210
0.726248689	2.27486353	1.06E-213
0.730441369	2.275219756	5.82E-217
0.734658253	2.275575636	2.89E-220
0.738899481	2.275931221	1.29E-223
0.743165194	2.276286563	5.21E-227
0.747455534	2.276641715	1.89E-230
0.751770641	2.276996726	6.17E-234
0.756110661	2.277351649	1.81E-237
0.760475735	2.277706535	4.76E-241
0.76486601	2.278061437	1.12E-244
0.769281629	2.278416405	2.36E-248
0.773722741	2.278771492	4.43E-252
0.778189491	2.279126748	7.42E-256
0.782682028	2.279482227	1.11E-259
0.7872005	2.27983798	1.47E-263
0.791745059	2.280194059	1.73E-267
0.796315852	2.280550516	1.81E-271
0.800913034	2.280907403	1.68E-275
0.805536756	2.281264774	1.37E-279
0.81018717	2.281622679	9.90E-284
0.814864432	2.281981172	6.30E-288
0.819568695	2.282340305	3.53E-292
0.824300117	2.282700132	1.73E-296
0.829058854	2.283060705	7.49E-301
0.833845063	2.283422078	2.83E-305
0.838658902	2.283784305	9.34592844689e-310
0.843500533	2.284147438	2.69529176719e-314
0.848370115	2.284511532	6.77294831258e-319
0.853267809	2.28487664	0
0.858193778	2.285242818	0
0.863148185	2.285610119	0
0.868131194	2.285978598	0
0.87314297	2.286348311	0
0.878183679	2.286719313	0
0.883253489	2.287091659	0
0.888352567	2.287465406	0
0.893481082	2.287840609	0
0.898639205	2.288217325	0
0.903827106	2.288595611	0
0.909044956	2.288975524	0
0.91429293	2.289357122	0
0.919571201	2.289740463	0
0.924879943	2.290125605	0
0.930219333	2.290512606	0
0.935589548	2.290901527	0
0.940990766	2.291292426	0
0.946423165	2.291685363	0
0.951886925	2.2920804	0
0.957382228	2.292477596	0
0.962909256	2.292877013	0
0.968468192	2.293278713	0
0.97405922	2.293682759	0
0.979682525	2.294089212	0
0.985338294	2.294498138	0
0.991026714	2.294909598	0
0.996747974	2.295323659	0
1.002502263	2.295740384	0
1.008289771	2.296159841	0
1.014110692	2.296582094	0
1.019965217	2.297007211	0
1.02585354	2.297435259	0
1.031775857	2.297866307	0
1.037732365	2.298300423	0
1.043723258	2.298737676	0
1.049748739	2.299178138	0
1.055809005	2.299621879	0
1.061904256	2.30006897	0
1.068034696	2.300519485	0
1.074200528	2.300973495	0
1.080401956	2.301431076	0
1.086639184	2.301892302	0
1.09291242	2.302357249	0
1.099221872	2.302825992	0
1.10556775	2.303298611	0
1.111950262	2.303775182	0
1.118369621	2.304255785	0
1.124826039	2.304740501	0
1.13131973	2.305229409	0
1.137850911	2.305722593	0
1.144419796	2.306220136	0
1.151026604	2.306722121	0
1.157671553	2.307228633	0
1.164354864	2.307739759	0
1.171076758	2.308255587	0
1.177837457	2.308776204	0
1.184637187	2.3093017	0
1.191476173	2.309832166	0
1.198354639	2.310367695	0
1.205272817	2.310908378	0
1.212230931	2.311454312	0
1.219229217	2.312005591	0
1.226267905	2.312562313	0
1.233347226	2.313124575	0
1.240467418	2.313692479	0
1.247628714	2.314266125	0
1.254831354	2.314845617	0
1.262075573	2.315431057	0
1.269361616	2.316022553	0
1.27668972	2.31662021	0
1.28406013	2.31722414	0
1.291473091	2.31783445	0
1.298928845	2.318451255	0
1.306427644	2.319074667	0
1.313969733	2.319704803	0
1.321555363	2.32034178	0
1.329184786	2.320985717	0
1.336858253	2.321636735	0
1.34457602	2.322294958	0
1.352338342	2.32296051	0
1.360145476	2.323633518	0
1.367997683	2.324314111	0
1.375895218	2.325002421	0
1.383838349	2.325698582	0
1.391827334	2.326402727	0
1.399862442	2.327114996	0
1.407943936	2.327835529	0
1.416072085	2.328564468	0
1.424247158	2.329301957	0
1.432469427	2.330048145	0
1.440739163	2.330803182	0
1.44905664	2.331567219	0
1.457422136	2.332340413	0
1.465835926	2.333122922	0
1.474298288	2.333914905	0
1.482809507	2.334716528	0
1.491369859	2.335527957	0
1.49997963	2.336349361	0
1.508639107	2.337180914	0
1.517348576	2.338022791	0
1.526108326	2.338875173	0
1.534918645	2.339738241	0
1.543779827	2.340612182	0
1.552692164	2.341497186	0
1.561655954	2.342393446	0
1.570671494	2.343301159	0
1.579739078	2.344220526	0
1.588859011	2.345151752	0
1.598031594	2.346095046	0
1.607257131	2.347050621	0
1.616535928	2.348018695	0
1.625868293	2.348999489	0
1.635254533	2.349993228	0
1.644694959	2.351000146	0
1.654189888	2.352020475	0
1.66373963	2.353054459	0
1.673344503	2.354102341	0
1.683004827	2.355164372	0
1.69272092	2.356240809	1.77E-12
1.702493103	2.357331913	1.62E-11
1.712321704	2.358437951	3.22E-11
1.722207045	2.359559197	4.99E-11
1.732149455	2.360695928	6.96E-11
1.742149262	2.36184843	9.15E-11
1.7522068	2.363016994	1.16E-10
1.7623224	2.364201918	1.43E-10
1.772496399	2.365403507	1.73E-10
1.782729131	2.366622072	2.07E-10
1.793020939	2.367857931	2.45E-10
1.803372164	2.369111412	2.87E-10
1.813783144	2.370382846	3.35E-10
1.824254228	2.371672576	3.89E-10
1.834785763	2.372980951	4.49E-10
1.845378097	2.374308328	5.16E-10
1.856031582	2.375655073	5.93E-10
1.866746569	2.377021563	6.79E-10
1.877523412	2.378408181	7.76E-10
1.888362475	2.37981532	8.86E-10
1.89926411	2.381243385	1.01E-09
1.91022868	2.382692788	1.15E-09
1.92125655	2.384163954	1.31E-09
1.932348085	2.385657318	1.49E-09
1.943503653	2.387173324	1.70E-09
1.954723623	2.388712432	1.93E-09
1.966008365	2.390275109	2.19E-09
1.977358256	2.391861837	2.49E-09
1.988773671	2.393473112	2.84E-09
2.000254984	2.39510944	3.23E-09
2.011802584	2.396771343	3.67E-09
2.023416847	2.398459357	4.18E-09
2.03509816	2.400174031	4.76E-09
2.046846908	2.401915932	5.43E-09
2.058663485	2.40368564	6.19E-09
2.070548279	2.405483754	7.06E-09
2.082501687	2.407310889	8.06E-09
2.094524099	2.409167678	9.21E-09
2.106615916	2.41105477	1.05E-08
2.118777545	2.412972838	1.20E-08
2.13100938	2.41492257	1.38E-08
2.143311834	2.416904679	1.58E-08
2.155685307	2.418919896	1.81E-08
2.168130214	2.420968976	2.07E-08
2.180646965	2.423052697	2.38E-08
2.193235979	2.425171863	2.74E-08
2.205897666	2.427327302	3.15E-08
2.218632455	2.429519866	3.62E-08
2.23144076	2.43175044	4.17E-08
2.244323008	2.434019934	4.81E-08
2.257279623	2.436329289	5.55E-08
2.270311043	2.438679478	6.40E-08
2.283417689	2.441071506	7.40E-08
2.296600005	2.443506414	8.56E-08
2.30985842	2.445985276	9.91E-08
2.323193382	2.448509208	1.15E-07
2.336605321	2.451079363	1.33E-07
2.35009469	2.453696936	1.55E-07
2.363661935	2.456363164	1.80E-07
2.377307505	2.459079334	2.09E-07
2.391031852	2.461846776	2.43E-07
2.404835431	2.464666874	2.83E-07
2.418718695	2.467541064	3.30E-07
2.432682109	2.470470839	3.85E-07
2.446726139	2.473457749	4.50E-07
2.46085124	2.476503409	5.27E-07
2.475057894	2.479609497	6.16E-07
2.489346555	2.482777763	7.22E-07
2.503717713	2.486010029	8.47E-07
2.518171829	2.489308195	9.94E-07
2.532709395	2.492674245	1.17E-06
2.547330887	2.496110249	1.37E-06
2.562036787	2.499618369	1.62E-06
2.57682759	2.503200868	1.91E-06
2.591703775	2.506860113	2.25E-06
2.606665844	2.510598584	2.66E-06
2.621714291	2.514418878	3.14E-06
2.636849614	2.518323722	3.71E-06
2.652072313	2.52231598	4.40E-06
2.667382891	2.52639866	5.21E-06
2.68278186	2.530574927	6.19E-06
2.69826973	2.534848118	7.35E-06
2.713847014	2.539221746	8.75E-06
2.729514219	2.543699523	1.04E-05
2.745271877	2.548285371	1.24E-05
2.761120508	2.552983439	1.48E-05
2.777060632	2.557798123	1.77E-05
2.793092773	2.562734086	2.11E-05
2.809217478	2.567796283	2.53E-05
2.825435263	2.572989985	3.03E-05
2.84174668	2.578320807	3.64E-05
2.858152266	2.583794742	4.36E-05
2.874652558	2.589418198	5.25E-05
2.891248106	2.595198032	6.31E-05
2.907939467	2.601141602	7.60E-05
2.924727183	2.607256811	9.17E-05
2.941611817	2.613552169	0.000110703
2.958593929	2.620036852	0.000133792
2.975674076	2.626720776	0.000161876
2.992852831	2.633614673	0.000196071
3.010130755	2.640730187	0.000237754
3.02750843	2.64807997	0.00028862
3.044986428	2.655677795	0.00035076
3.06256533	2.663538686	0.000426755
3.080245714	2.671679055	0.000519797
3.098028159	2.680116861	0.000633834
3.115913273	2.688871779	0.000773757
3.133901639	2.697965389	0.00094563
3.151993848	2.707421377	0.001156976
3.170190506	2.717265746	0.001417145
3.188492217	2.727527034	0.001737762
3.206899584	2.738236524	0.002133294
3.225413218	2.749428435	0.002621769
3.244033735	2.761140053	0.003225668
3.262761744	2.773411776	0.003973052
3.281597875	2.786286984	0.004898981
3.300542743	2.799811622	0.006047299
3.319596984	2.814033296	0.007472892
3.338761226	2.828999505	0.009244534
3.358036103	2.844754292	0.011448502
3.377422258	2.861331566	0.014193178
3.396920331	2.878735503	0.017615748
3.416530969	2.896907944	0.021830154
3.436254818	2.915807649	0.026907082
3.456092532	2.935406233	0.032922617
3.476044772	2.955675292	0.039960099
3.496112195	2.976581707	0.048110237
3.516295469	2.998084204	0.05747094
3.536595267	3.020130186	0.068146726
3.557012253	3.042652558	0.080247564
3.577547115	3.065566491	0.09388697
3.59820052	3.088766233	0.109179156
3.618973154	3.112122158	0.126235036
3.63986571	3.13547842	0.145156933
3.660878889	3.158651695	0.166031931
3.682013368	3.181431616	0.188923971
3.703269864	3.203583603	0.21386508
3.724649081	3.224854738	0.240846436
3.746151709	3.244983155	0.2698104
3.767778479	3.263710979	0.300644969
3.789530109	3.280800175	0.33318233
3.8114073	3.296049866	0.367203015
3.833410799	3.309312824	0.402446598
3.855541312	3.320508329	0.438628806
3.877799602	3.329628593	0.475463545
3.90018638	3.336736741	0.512687041
3.922702403	3.341955695	0.550080434
3.94534841	3.34544914	0.58748711
3.968125151	3.347397253	0.624821934
3.991033397	3.347970884	0.662071018
4.014073874	3.34730794	0.699282422
4.037247384	3.345495026	0.7365496
4.060554659	3.342556216	0.773990292
4.083996505	3.338449577	0.811723762
4.107573671	3.333070975	0.84984897
4.131286955	3.326264045	0.888425686
4.155137138	3.31783482	0.927459912
4.179124995	3.307569454	0.966894382
4.203251351	3.2952535	1.006604526
4.227516986	3.280691274	1.046399899
4.251922703	3.263723918	1.086030806
4.276469328	3.244244878	1.125199579
4.301157652	3.222211638	1.163575605
4.325988506	3.197652813	1.200812935
4.350962716	3.170670042	1.236569026
4.376081102	3.141434636	1.270523029
4.401344491	3.11017939	1.302392102
4.426753724	3.077186514	1.33194443
4.452309649	3.04277294	1.35900808
4.478013123	3.007274489	1.383475275
4.503864968	2.971030311	1.405302227
4.529866061	2.93436884	1.424505081
4.556017274	2.897596157	1.441152857
4.58231944	2.860987245	1.455358385
4.608773467	2.824780311	1.46726827
4.635380208	2.789173955	1.477052767
4.66214054	2.754326849	1.484896274
4.689055371	2.720359379	1.490988935
4.716125581	2.687356747	1.495519616
4.74335208	2.65537299	1.498670376
4.770735753	2.624435493	1.500612376
4.798277511	2.594549628	1.501503119
4.82597826	2.565703239	1.501484828
4.853838932	2.537870818	1.500683774
4.881860453	2.511017217	1.499210337
4.910043742	2.485100876	1.497159628
4.938389745	2.460076527	1.494612502
4.966899381	2.435897409	1.491636818
4.995573599	2.412517012	1.488288845
5.024413361	2.389890414	1.484614713
5.053419617	2.367975255	1.48065186
5.08259333	2.346732397	1.476430411
5.111935453	2.326126335	1.471974463
5.14144697	2.306125399	1.467303267
5.171128877	2.286701784	1.462432271
5.200982118	2.267831462	1.457374052
5.231007735	2.249493991	1.452139109
5.26120667	2.231672262	1.446736546
5.291579945	2.214352199	1.441174638
5.32212857	2.197522434	1.435461299
5.352853544	2.181173966	1.429604458
5.383755901	2.165299831	1.42361235
5.414836663	2.149894766	1.417493744
5.446096865	2.134954902	1.411258104
5.477537531	2.120477468	1.404915705
5.509159693	2.106460517	1.398477705
5.540964424	2.092902681	1.391956176
5.572952756	2.079802943	1.385364122
5.605125761	2.067160439	1.378715457
5.637484496	2.054974273	1.372024983
5.670030058	2.043243366	1.365308347
5.702763504	2.031966309	1.358581986
5.735685902	2.021141244	1.351863077
5.768798387	2.010765753	1.345169476
5.802102026	2.000836765	1.338519654
5.835597926	1.991350471	1.331932637
5.869287206	1.982302247	1.325427946
5.903170972	1.973686583	1.319025535
5.937250341	1.965497026	1.31274573
5.971526471	1.95772611	1.306609173
6.00600045	1.950365309	1.300636761
6.040673491	1.943404972	1.294849587
6.075546679	1.936834271	1.289268884
6.110621196	1.930641143	1.283915961
6.145898181	1.92481223	1.278812136
6.181378843	1.919332825	1.273978672
6.217064318	1.914186802	1.269436699
6.252955845	1.909356558	1.265207133
6.289054553	1.904822948	1.261310586
6.325361647	1.900565216	1.257767267
6.361878377	1.896560933	1.254596868
6.39860588	1.892785928	1.251818436
6.435545436	1.889214233	1.249450237
6.47269824	1.88581802	1.247509594
6.510065535	1.882567557	1.24601271
6.54764858	1.879431167	1.244974475
6.585448542	1.876375204	1.244408249
6.623466778	1.87336405	1.244325623
6.661704449	1.870360127	1.244736163
6.700162906	1.867323948	1.245647132
6.738843375	1.86421419	1.247063192
6.777747128	1.860987815	1.248986096
6.816875492	1.857600231	1.25141436
6.856229734	1.854005509	1.254342942
6.895811172	1.850156654	1.25776291
6.935621143	1.846005935	1.261661131
6.975660918	1.841505289	1.266019975
7.015931863	1.836606782	1.270817062
7.056435241	1.831263145	1.276025046
7.097172488	1.825428364	1.281611478
7.138144939	1.819058337	1.28753874
7.179353901	1.812111561	1.293764081
7.220800737	1.804549863	1.300239762
7.262486868	1.796339124	1.306913326
7.304413691	1.787449996	1.313728005
7.346582532	1.777858566	1.320623256
7.388994818	1.767546953	1.327535433
7.431651951	1.756503781	1.334398582
7.474555348	1.744724523	1.341145326
7.517706396	1.73221167	1.347707834
7.561106592	1.718974715	1.354018803
7.604757357	1.705029935	1.360012438
7.648660082	1.690399977	1.36562535
7.692816268	1.675113262	1.370797345
7.737227385	1.659203251	1.375472024
7.781894923	1.642707611	1.379597185
7.82682029	1.625667359	1.383124974
7.872005008	1.608126059	1.3860118
7.917450566	1.590129161	1.388218022
7.963158524	1.571723534	1.389707483
8.009130357	1.552957289	1.390446954
8.055367555	1.533879875	1.390405613
8.10187168	1.514542465	1.38955467
8.14864431	1.494998531	1.387867264
8.195686936	1.47530451	1.385318696
8.243001175	1.455520405	1.381887052
8.290588552	1.435710144	1.377554162
8.338450609	1.415941559	1.3723068
8.386589019	1.396285902	1.366137953
8.435005305	1.376816859	1.35904795
8.48370112	1.357609159	1.351045284
8.532678082	1.338736902	1.34214694
8.581937767	1.320271805	1.332378183
8.631481828	1.302281572	1.321771775
8.681311937	1.284828569	1.3103667
8.731429666	1.267968941	1.298206521
8.781836788	1.251752262	1.285337463
8.83253491	1.236221757	1.271806367
8.883525659	1.22141515	1.257658519
8.934810806	1.207366224	1.242935287
8.986392015	1.194107411	1.227671224
9.038271035	1.181674389	1.211889595
9.09044957	1.170116495	1.195592451
9.142929275	1.159556385	1.178716888
9.195712028	1.150376535	1.161474314
9.248799455	1.142473732	1.144263515
9.302193341	1.135713645	1.127219813
9.355895488	1.1299981	1.110434118
9.409907651	1.125242533	1.093976561
9.464231677	1.121369619	1.077903585
9.518869216	1.118306683	1.062261195
9.573822304	1.115984496	1.047086792
9.629092558	1.114336713	1.032410365
9.684681909	1.113299623	1.018255362
9.740592163	1.112812071	1.004639372
9.796825222	1.112815469	0.991574714
9.853382933	1.113253851	0.979068951
9.910267166	1.11407395	0.967125376
9.967479731	1.115225264	0.955743457
10.02502262	1.116660119	0.944919268
10.08289768	1.118333711	0.934645892
10.14110688	1.12020412	0.924913811
10.19965219	1.12223231	0.915711275
10.25853536	1.124382098	0.907024637
10.31775859	1.126620101	0.898838687