0.64008 2.79 7.9
0.77009 2.77 6.34
0.89005 2.64 5.18
1.0196 2.7 4.33
1.1396 2.87 3.78
1.26 2.94 3.5
1.39 3.12 3.34
1.5102 3.16 3.25
1.64 3.2 3.2
1.7611 3.18 3.15
1.8814 3.25 3.09
2.0095 3.54 3.02
2.1303 3.83 3
2.2584 4 3.04
2.3797 3.86 3.18
2.4997 3.92 3.26
2.6324 3.81 3.38
2.7491 3.59 3.46
2.8767 3.52 3.49
3.002 3.31 3.49
3.123 3.07 3.48
3.2542 2.87 3.45
3.3691 2.68 3.4
3.5024 2.51 3.34
3.6253 2.42 3.29
3.7345 2.37 3.22
3.8745 2.28 3.15
3.9866 2.17 3.06
4.1191 2.07 2.95
4.246 1.93 2.84
4.3656 1.87 2.73
4.4922 1.81 2.63
4.6091 1.77 2.55
4.7322 1.7 2.45
4.8621 1.64 2.37
4.9793 1.6 2.29
5.1022 1.57 2.2
5.2314 1.58 2.14
5.3673 1.59 2.07
5.486 1.62 2.01
5.6101 1.63 1.98
5.74 1.65 1.95
5.8483 1.66 1.94
5.9896 1.68 1.94
6.1076 1.65 1.94
6.2304 1.62 1.94
6.3582 1.58 1.93
6.4575 1.54 1.92
6.5949 1.47 1.9
