0.5 2.3997 16.091
0.6 1.7133 13.449
0.7 1.2931 11.507
0.8 1.0204 10.018
0.9 0.8363 8.8369
1 0.70882 7.875
1.1 0.61969 7.0736
1.2 0.55794 6.3931
1.3 0.51673 5.8057
1.4 0.49179 5.2911
1.5 0.4805 4.8345
1.6 0.48136 4.4245
1.7 0.49375 4.0526
1.8 0.51781 3.7118
1.9 0.55437 3.3972
2 0.60504 3.1049
2.1 0.67231 2.8327
2.2 0.75961 2.5802
2.3 0.87109 2.3499
2.4 1.0106 2.1485
2.5 1.1788 1.9886
2.6 1.3678 1.8879
2.7 1.5535 1.8648
2.8 1.688 1.9199
2.9 1.7239 1.9998
3 1.69 2.0232
3.1 1.6645 1.9839
3.2 1.6755 1.9286
3.3 1.7105 1.8863
3.4 1.7533 1.864
3.5 1.7939 1.8597
3.6 1.827 1.8695
3.7 1.8501 1.8895
3.8 1.8624 1.9163
3.9 1.8636 1.9472
4 1.8542 1.9798
4.1 1.8347 2.0121
4.2 1.8061 2.0426
4.3 1.7695 2.0697
4.4 1.7261 2.0925
4.5 1.6771 2.1101
4.6 1.6238 2.1221
4.7 1.5676 2.1283
4.8 1.5095 2.1286
4.9 1.4505 2.1233
5 1.3916 2.1127
