0.2 13.99 14.27
0.3 11.37 11.95
0.4 9.741 10.65
0.5 8.528 9.805
0.6 7.574 9.195
0.8 6.086 8.312
1 4.962 7.643
1.2 4.05 7.082
1.4 3.324 6.558
1.6 2.746 6.054
1.8 2.284 5.582
2 1.91 5.15
2.2 1.62 4.751
2.4 1.384 4.407
2.6 1.186 4.09
2.8 1.027 3.802
3 0.898 3.538
3.2 0.798 3.294
3.4 0.713 3.074
3.6 0.644 2.86
3.8 0.589 2.665
4 0.542 2.502
4.2 0.507 2.341
4.4 0.477 2.195
4.6 0.452 2.058
4.8 0.431 1.929
5 0.414 1.806
5.2 0.401 1.687
5.4 0.394 1.569
5.5 0.39 1.512
5.6 0.386 1.454
5.7 0.386 1.396
5.8 0.386 1.341
5.9 0.385 1.287
6 0.386 1.232
6.1 0.388 1.176
6.2 0.39 1.118
6.3 0.399 1.058
6.4 0.412 1.002
6.5 0.428 0.949
6.6 0.436 0.898
6.7 0.438 0.836
6.8 0.459 0.756
6.9 0.51 0.676
7 0.585 0.617
7.1 0.663 0.589
7.2 0.717 0.584
7.3 0.769 0.575
7.4 0.817 0.574
7.5 0.86 0.58
7.6 0.893 0.597
7.8 0.929 0.623
8 0.946 0.639
8.2 0.952 0.645
8.4 0.953 0.638
8.6 0.956 0.624
8.8 0.965 0.607
9 0.975 0.588
9.2 0.988 0.568
9.4 1.009 0.548
9.6 1.044 0.541
9.8 1.061 0.557
10 1.062 0.567
10.2 1.054 0.569
10.4 1.045 0.561
10.6 1.041 0.55
10.8 1.039 0.537
11 1.039 0.523
11.5 1.05 0.491
12 1.064 0.467
12.5 1.078 0.445
13 1.092 0.43
13.5 1.104 0.416
14 1.115 0.404
14.5 1.125 0.394
15 1.135 0.383
15.5 1.146 0.374
16 1.159 0.368
16.5 1.17 0.367
17 1.177 0.367
17.5 1.184 0.366
18 1.181 0.367
18.5 1.195 0.367
19 1.2 0.366
19.5 1.208 0.364